this is the "forty" tile as loaded in VRAM.

Each nibble is one pixel

0x6011080: 21 21 11 21 21 21 21 21 21 21 21 21 21 21 21 21
0x6011090: 11 21 21 21 22 21 21 21 00 21 11 21 00 02 22 02

swap each nibble pair

12 12 11 12 12 12 12 12 12 12 12 12 12 12 12 12
11 12 12 12 22 12 12 12 00 12 11 12 00 20 22 20

split the nibbles apart

1 2 1 2 1 1 1 2 1 2 1 2 1 2 1 2 1 2 1 2 1 2 1 2 1 2 1 2 1 2 1 2
1 1 1 2 1 2 1 2 2 2 1 2 1 2 1 2 0 0 1 2 1 1 1 2 0 0 2 0 2 2 2 0

break after every 8th nibble

1 2 1 2 1 1 1 2
1 2 1 2 1 2 1 2
1 2 1 2 1 2 1 2
1 2 1 2 1 2 1 2
1 1 1 2 1 2 1 2
2 2 1 2 1 2 1 2
0 0 1 2 1 1 1 2
0 0 2 0 2 2 2 0

assign colors
0 - transparent
1 - white ▓
2 - black ░


▓ ░ ▓ ░ ▓ ▓ ▓ ░
▓ ░ ▓ ░ ▓ ░ ▓ ░
▓ ░ ▓ ░ ▓ ░ ▓ ░
▓ ░ ▓ ░ ▓ ░ ▓ ░
▓ ▓ ▓ ░ ▓ ░ ▓ ░
░ ░ ▓ ░ ▓ ░ ▓ ░
    ▓ ░ ▓ ▓ ▓ ░
    ░   ░ ░ ░


#### MARIO PART OF HEAD

0x6010800: 00 00 00 00 00 00 20 22 00 20 D2 ED 00 E2 EE EE
0x6010810: 00 20 22 26 00 72 78 27 00 62 66 72 00 20 22 22

00 00 00 00 00 00 02 22 00 02 2D DE 00 2E EE EE
00 02 22 62 00 27 87 72 00 26 66 27 00 02 22 22

00 00 00 00
00 00 02 22
00 02 2D DE
00 2E EE EE
00 02 22 62
00 27 87 72
00 26 66 27
00 02 22 22


#### PIECE OF THE MOON

22 00 00 00 88 22 00 00 88 88 02 00 88 88 28 00
88 88 88 02 28 28 88 02 28 28 88 28 28 28 88 28
